420 
398 
394 
369 
397 
361 
362 
318 
396 
365 
359 
320 
361 
318 
320 
268 
397 
365 
361 
321 
363 
317 
316 
266 
362 
316 
318 
265 
321 
262 
266 
202 
396 
367 
363 
319 
362 
321 
320 
265 
360 
319 
316 
265 
318 
267 
262 
206 
360 
316 
316 
262 
318 
264 
264 
201 
315 
267 
266 
202 
263 
201 
202 
140 
409 
364 
362 
319 
362 
319 
318 
264 
362 
319 
314 
265 
322 
266 
261 
203 
364 
318 
318 
264 
313 
264 
263 
203 
317 
264 
265 
202 
263 
201 
204 
140 
364 
317 
318 
264 
315 
264 
264 
203 
314 
266 
264 
205 
263 
203 
201 
139 
316 
263 
264 
203 
265 
200 
201 
142 
264 
202 
203 
137 
202 
140 
138 
85 
395 
365 
362 
318 
360 
314 
315 
265 
360 
315 
317 
264 
318 
265 
263 
200 
363 
316 
317 
263 
317 
264 
264 
201 
317 
265 
265 
205 
263 
200 
202 
140 
364 
317 
316 
266 
314 
267 
262 
203 
316 
264 
263 
203 
266 
202 
202 
140 
318 
262 
260 
203 
264 
203 
203 
137 
264 
204 
201 
141 
205 
141 
137 
83 
362 
316 
315 
264 
315 
264 
263 
204 
319 
263 
262 
204 
265 
204 
202 
139 
314 
264 
263 
203 
264 
200 
202 
139 
264 
200 
200 
138 
201 
138 
141 
82 
314 
262 
265 
202 
263 
200 
203 
140 
263 
204 
200 
137 
201 
138 
137 
85 
262 
201 
201 
136 
199 
138 
140 
85 
199 
139 
137 
83 
137 
85 
82 
40 
399 
363 
361 
315 
361 
317 
317 
264 
362 
318 
316 
268 
316 
264 
265 
200 
363 
313 
317 
264 
319 
263 
262 
204 
315 
263 
263 
203 
262 
203 
201 
139 
363 
319 
315 
264 
319 
265 
263 
201 
318 
262 
263 
203 
262 
203 
201 
138 
316 
265 
264 
203 
264 
200 
202 
139 
262 
201 
200 
138 
201 
139 
137 
82 
362 
317 
316 
265 
315 
266 
264 
199 
314 
262 
265 
202 
263 
201 
202 
139 
316 
262 
263 
201 
262 
199 
198 
138 
262 
202 
200 
138 
200 
140 
136 
84 
316 
263 
262 
200 
263 
199 
202 
137 
261 
202 
202 
138 
198 
138 
137 
83 
264 
201 
200 
139 
199 
138 
138 
83 
201 
135 
136 
83 
136 
82 
82 
40 
364 
319 
319 
264 
315 
259 
262 
202 
318 
268 
264 
202 
259 
202 
202 
140 
316 
264 
264 
203 
266 
203 
200 
138 
262 
201 
202 
140 
203 
140 
137 
83 
315 
263 
263 
200 
261 
200 
201 
139 
261 
200 
200 
137 
204 
136 
139 
82 
262 
203 
203 
136 
200 
136 
137 
84 
200 
136 
135 
82 
137 
82 
82 
40 
315 
262 
263 
200 
262 
202 
199 
139 
265 
199 
199 
139 
201 
137 
136 
83 
261 
201 
201 
139 
200 
137 
137 
82 
200 
136 
136 
81 
138 
82 
81 
41 
263 
198 
200 
140 
198 
138 
138 
81 
200 
137 
137 
80 
136 
84 
80 
41 
200 
137 
137 
83 
135 
83 
82 
42 
138 
81 
82 
41 
83 
41 
41 
11 
395 
362 
366 
319 
364 
316 
319 
262 
360 
316 
315 
265 
319 
263 
264 
202 
365 
318 
316 
264 
318 
262 
264 
204 
317 
265 
261 
203 
263 
202 
201 
137 
361 
316 
317 
263 
315 
263 
265 
202 
317 
262 
260 
201 
262 
204 
201 
139 
318 
262 
264 
201 
262 
202 
204 
138 
262 
201 
201 
138 
202 
138 
137 
87 
365 
316 
316 
263 
317 
263 
263 
202 
314 
263 
265 
201 
261 
201 
203 
138 
316 
264 
264 
203 
264 
201 
200 
138 
262 
201 
202 
139 
202 
138 
139 
86 
315 
263 
260 
202 
262 
201 
202 
139 
262 
200 
202 
140 
202 
137 
140 
84 
263 
202 
199 
137 
199 
138 
137 
82 
199 
138 
135 
81 
137 
81 
82 
40 
362 
313 
317 
266 
321 
264 
264 
202 
314 
264 
262 
203 
263 
201 
201 
139 
318 
263 
261 
200 
261 
201 
202 
139 
264 
202 
198 
138 
203 
139 
138 
82 
316 
261 
263 
201 
260 
202 
202 
137 
260 
201 
201 
141 
201 
136 
137 
85 
264 
201 
202 
137 
199 
137 
136 
83 
200 
137 
135 
86 
137 
81 
83 
42 
315 
262 
262 
201 
260 
199 
200 
136 
265 
201 
201 
138 
202 
136 
138 
83 
263 
201 
199 
137 
200 
137 
138 
83 
200 
139 
137 
82 
136 
83 
83 
40 
260 
200 
202 
136 
200 
138 
136 
82 
199 
137 
137 
82 
136 
81 
83 
41 
200 
135 
136 
82 
137 
83 
82 
41 
137 
83 
82 
40 
80 
40 
40 
11 
361 
318 
314 
261 
316 
263 
262 
201 
315 
263 
266 
202 
264 
203 
200 
140 
314 
262 
266 
200 
263 
201 
202 
137 
261 
199 
198 
136 
201 
138 
137 
83 
314 
262 
262 
198 
262 
201 
200 
138 
261 
200 
200 
139 
202 
137 
137 
85 
262 
204 
202 
136 
199 
138 
137 
83 
201 
137 
135 
82 
136 
82 
81 
41 
313 
261 
262 
200 
262 
203 
200 
136 
264 
202 
198 
137 
202 
138 
138 
82 
261 
201 
202 
137 
200 
136 
135 
83 
201 
139 
136 
82 
139 
82 
80 
40 
260 
199 
203 
136 
200 
138 
138 
81 
200 
137 
135 
84 
134 
86 
82 
40 
200 
137 
135 
82 
136 
84 
81 
41 
136 
81 
80 
41 
81 
41 
40 
10 
316 
263 
262 
201 
264 
201 
201 
137 
264 
199 
201 
138 
200 
134 
134 
82 
265 
199 
201 
135 
199 
137 
136 
82 
200 
137 
139 
80 
138 
80 
83 
41 
260 
201 
201 
137 
197 
136 
135 
83 
201 
136 
136 
80 
135 
83 
83 
40 
200 
137 
136 
80 
137 
82 
80 
40 
134 
83 
80 
41 
81 
40 
41 
10 
261 
201 
200 
136 
201 
135 
136 
81 
199 
136 
136 
83 
136 
80 
81 
40 
196 
135 
135 
82 
137 
82 
81 
41 
136 
81 
80 
40 
80 
40 
40 
10 
198 
136 
133 
81 
133 
80 
80 
40 
136 
81 
81 
40 
80 
41 
40 
10 
136 
79 
80 
40 
79 
41 
42 
11 
80 
40 
40 
10 
40 
10 
10 
406 
361 
362 
319 
364 
316 
316 
264 
363 
318 
317 
265 
315 
264 
262 
203 
366 
315 
313 
264 
315 
264 
263 
203 
314 
262 
263 
200 
264 
201 
201 
139 
365 
314 
315 
267 
318 
264 
264 
201 
317 
264 
262 
202 
263 
202 
200 
141 
316 
260 
261 
200 
263 
200 
202 
140 
263 
200 
201 
139 
203 
137 
140 
84 
360 
317 
314 
265 
315 
264 
266 
201 
318 
262 
265 
202 
264 
201 
202 
138 
318 
262 
263 
201 
263 
203 
199 
138 
262 
200 
200 
137 
203 
138 
137 
84 
315 
263 
263 
199 
261 
201 
199 
138 
263 
196 
203 
138 
203 
139 
137 
80 
259 
201 
201 
138 
200 
136 
137 
83 
200 
135 
138 
82 
138 
81 
81 
41 
365 
315 
312 
265 
316 
262 
264 
198 
315 
263 
264 
200 
263 
200 
201 
137 
315 
262 
264 
201 
263 
202 
203 
137 
262 
202 
200 
137 
200 
139 
137 
83 
315 
261 
260 
201 
264 
202 
199 
137 
261 
202 
199 
138 
199 
139 
139 
83 
263 
198 
201 
139 
200 
136 
136 
84 
201 
134 
137 
82 
137 
84 
81 
40 
313 
264 
262 
200 
261 
200 
199 
138 
263 
201 
198 
136 
200 
137 
138 
83 
262 
199 
197 
139 
203 
136 
137 
82 
199 
136 
137 
81 
136 
80 
80 
40 
262 
202 
200 
137 
202 
135 
136 
81 
199 
137 
136 
81 
137 
83 
80 
40 
200 
135 
137 
82 
134 
81 
79 
41 
136 
81 
81 
40 
81 
41 
43 
10 
365 
316 
314 
266 
314 
263 
262 
200 
316 
263 
265 
199 
264 
201 
201 
138 
312 
263 
264 
202 
261 
200 
198 
136 
263 
202 
201 
139 
201 
136 
138 
83 
314 
263 
260 
200 
263 
201 
202 
137 
263 
203 
201 
137 
201 
138 
137 
82 
262 
200 
199 
138 
200 
138 
138 
83 
200 
136 
137 
81 
136 
84 
81 
41 
315 
263 
264 
199 
263 
199 
200 
137 
262 
201 
201 
135 
199 
133 
136 
83 
261 
199 
203 
137 
200 
137 
133 
81 
200 
136 
136 
82 
135 
80 
81 
40 
259 
201 
199 
137 
200 
138 
137 
81 
199 
136 
135 
82 
137 
81 
83 
40 
198 
136 
135 
81 
134 
79 
81 
40 
135 
80 
80 
40 
81 
40 
41 
10 
312 
262 
263 
201 
262 
198 
200 
138 
262 
200 
199 
138 
199 
137 
137 
81 
261 
202 
199 
135 
197 
138 
136 
81 
199 
136 
137 
80 
136 
81 
83 
41 
262 
199 
200 
134 
201 
133 
136 
81 
198 
137 
136 
80 
136 
80 
80 
40 
197 
135 
136 
82 
136 
82 
81 
40 
135 
82 
80 
40 
82 
40 
40 
11 
263 
198 
200 
136 
198 
137 
136 
82 
194 
136 
134 
81 
138 
81 
80 
40 
200 
135 
136 
80 
137 
81 
82 
40 
134 
80 
80 
40 
81 
40 
40 
10 
198 
135 
135 
81 
136 
80 
84 
40 
135 
81 
79 
42 
78 
41 
40 
11 
135 
80 
82 
41 
78 
40 
41 
10 
81 
40 
40 
10 
40 
11 
10 
363 
314 
312 
261 
318 
264 
262 
202 
316 
263 
262 
199 
263 
201 
199 
137 
316 
264 
261 
199 
260 
202 
203 
139 
262 
202 
201 
136 
199 
137 
136 
81 
316 
263 
263 
199 
260 
201 
200 
136 
265 
201 
199 
137 
200 
139 
136 
82 
260 
202 
199 
138 
199 
136 
138 
82 
201 
136 
136 
81 
136 
80 
81 
40 
313 
263 
264 
201 
261 
198 
198 
136 
264 
200 
202 
137 
201 
135 
137 
84 
258 
200 
200 
135 
201 
135 
137 
80 
199 
136 
136 
81 
136 
82 
83 
40 
263 
199 
198 
137 
198 
137 
137 
81 
201 
137 
135 
81 
136 
80 
82 
40 
195 
137 
136 
80 
136 
81 
81 
40 
136 
81 
81 
40 
81 
42 
40 
10 
315 
264 
261 
200 
261 
199 
200 
137 
261 
201 
199 
136 
200 
137 
134 
80 
261 
198 
199 
136 
197 
138 
137 
82 
200 
134 
136 
80 
135 
83 
81 
40 
259 
201 
197 
136 
199 
135 
135 
80 
197 
136 
138 
80 
136 
82 
81 
40 
198 
134 
136 
80 
137 
80 
82 
40 
135 
80 
80 
40 
81 
40 
40 
10 
262 
198 
198 
133 
197 
136 
136 
80 
197 
134 
136 
80 
135 
81 
78 
40 
198 
134 
136 
80 
133 
81 
81 
41 
137 
81 
80 
41 
80 
40 
40 
11 
199 
137 
136 
80 
136 
81 
83 
41 
136 
81 
82 
42 
80 
40 
40 
10 
133 
80 
80 
40 
81 
41 
40 
10 
80 
40 
41 
10 
40 
10 
10 
313 
261 
259 
199 
262 
199 
197 
138 
262 
200 
198 
136 
201 
138 
136 
83 
263 
198 
198 
137 
199 
137 
134 
81 
197 
134 
134 
81 
134 
82 
80 
40 
260 
197 
200 
135 
197 
135 
136 
80 
202 
136 
136 
81 
138 
82 
80 
40 
199 
135 
135 
81 
135 
80 
80 
40 
135 
81 
80 
40 
80 
40 
40 
10 
260 
199 
199 
135 
198 
134 
134 
82 
200 
132 
135 
82 
135 
81 
81 
40 
199 
136 
134 
83 
136 
81 
80 
40 
135 
82 
80 
40 
80 
40 
40 
10 
199 
133 
133 
82 
133 
81 
80 
40 
133 
81 
80 
41 
81 
40 
40 
10 
135 
80 
80 
40 
80 
40 
40 
10 
80 
40 
40 
10 
40 
10 
10 
259 
199 
197 
134 
199 
133 
132 
82 
200 
133 
134 
79 
136 
80 
79 
40 
197 
135 
136 
80 
137 
80 
79 
40 
135 
80 
80 
40 
79 
40 
40 
10 
199 
134 
136 
81 
134 
79 
80 
40 
135 
79 
80 
40 
81 
40 
40 
10 
134 
80 
79 
40 
79 
40 
40 
10 
81 
40 
39 
10 
40 
10 
10 
196 
136 
136 
80 
135 
80 
81 
40 
133 
81 
81 
40 
81 
40 
40 
10 
134 
82 
80 
40 
80 
40 
40 
10 
81 
39 
40 
10 
40 
10 
10 
134 
80 
80 
40 
80 
40 
40 
10 
80 
40 
40 
10 
40 
10 
11 
79 
40 
40 
10 
40 
10 
10 
40 
10 
10 
10 
399 
364 
364 
318 
366 
316 
317 
264 
363 
316 
316 
265 
314 
266 
265 
202 
365 
317 
316 
263 
315 
263 
262 
203 
315 
264 
263 
203 
260 
199 
200 
139 
361 
312 
315 
262 
316 
262 
263 
203 
316 
263 
261 
202 
260 
202 
203 
138 
315 
263 
262 
201 
263 
201 
201 
137 
264 
199 
198 
138 
201 
137 
138 
85 
363 
314 
316 
265 
316 
264 
264 
200 
317 
264 
262 
203 
263 
202 
202 
137 
318 
263 
261 
201 
260 
202 
202 
138 
263 
202 
200 
139 
203 
136 
138 
82 
316 
262 
259 
200 
261 
200 
200 
138 
261 
200 
203 
137 
199 
139 
134 
81 
261 
201 
200 
136 
199 
136 
137 
81 
201 
135 
137 
80 
136 
81 
82 
41 
358 
314 
314 
260 
318 
263 
262 
197 
316 
261 
263 
203 
262 
204 
201 
137 
320 
262 
262 
200 
262 
202 
202 
138 
261 
204 
200 
138 
201 
136 
136 
81 
319 
263 
261 
199 
261 
203 
202 
136 
263 
198 
199 
137 
198 
135 
135 
81 
260 
200 
199 
138 
200 
137 
136 
82 
200 
136 
137 
80 
136 
82 
82 
40 
316 
262 
262 
199 
262 
200 
198 
136 
261 
200 
204 
137 
196 
139 
138 
81 
260 
198 
200 
135 
200 
136 
137 
82 
202 
136 
139 
82 
135 
83 
83 
40 
263 
199 
198 
135 
199 
136 
136 
84 
197 
136 
139 
80 
137 
80 
81 
41 
200 
136 
135 
82 
136 
82 
80 
40 
134 
80 
81 
41 
82 
40 
40 
10 
364 
316 
314 
262 
315 
263 
262 
204 
313 
263 
263 
203 
262 
202 
201 
138 
317 
261 
261 
198 
263 
199 
199 
136 
262 
198 
200 
136 
200 
136 
138 
84 
314 
261 
261 
199 
262 
197 
201 
137 
261 
201 
199 
137 
199 
135 
138 
81 
262 
202 
200 
136 
199 
138 
136 
82 
200 
136 
138 
81 
136 
80 
82 
40 
317 
261 
263 
200 
262 
200 
202 
138 
263 
201 
202 
136 
201 
138 
137 
82 
260 
199 
198 
137 
199 
136 
135 
80 
199 
135 
134 
82 
136 
81 
83 
40 
262 
198 
202 
136 
202 
136 
136 
83 
198 
137 
136 
82 
135 
81 
81 
40 
200 
137 
135 
81 
135 
82 
81 
41 
134 
80 
82 
40 
81 
40 
40 
10 
314 
263 
263 
202 
260 
198 
199 
136 
260 
199 
199 
136 
200 
140 
137 
82 
262 
198 
200 
135 
200 
137 
135 
81 
198 
135 
137 
81 
135 
81 
82 
41 
262 
199 
200 
136 
200 
134 
136 
82 
198 
135 
136 
80 
134 
79 
82 
40 
198 
134 
136 
81 
137 
80 
80 
40 
132 
80 
80 
41 
80 
41 
40 
10 
260 
199 
197 
135 
197 
136 
135 
81 
201 
134 
135 
80 
133 
80 
83 
40 
198 
134 
136 
80 
136 
81 
80 
40 
136 
81 
81 
40 
83 
41 
40 
10 
199 
135 
135 
80 
133 
82 
81 
40 
134 
80 
82 
40 
83 
40 
40 
10 
135 
80 
80 
40 
79 
40 
40 
10 
80 
40 
40 
10 
40 
10 
10 
362 
314 
319 
262 
314 
262 
263 
203 
314 
263 
261 
200 
262 
202 
199 
138 
314 
262 
262 
202 
260 
201 
200 
139 
260 
202 
200 
133 
199 
136 
136 
81 
317 
263 
263 
201 
261 
198 
203 
136 
261 
201 
200 
137 
202 
137 
135 
82 
263 
196 
196 
138 
200 
134 
135 
81 
199 
135 
136 
82 
138 
83 
81 
40 
314 
260 
261 
198 
262 
198 
200 
135 
261 
199 
202 
137 
199 
137 
135 
80 
259 
200 
201 
135 
196 
133 
136 
83 
200 
135 
136 
80 
135 
80 
82 
40 
260 
202 
197 
136 
200 
135 
136 
80 
198 
136 
136 
81 
135 
81 
81 
40 
201 
135 
136 
81 
133 
82 
81 
40 
134 
80 
80 
40 
79 
40 
40 
10 
314 
261 
260 
200 
261 
199 
201 
136 
262 
199 
198 
136 
198 
136 
137 
82 
261 
199 
199 
137 
199 
135 
134 
80 
202 
135 
136 
81 
136 
82 
80 
41 
259 
198 
200 
136 
199 
135 
135 
82 
201 
134 
136 
80 
138 
81 
81 
41 
198 
134 
133 
81 
134 
80 
81 
40 
136 
80 
80 
40 
80 
40 
41 
10 
261 
201 
198 
136 
198 
135 
133 
81 
196 
135 
135 
80 
137 
80 
81 
41 
200 
134 
137 
82 
133 
81 
81 
40 
135 
80 
81 
40 
80 
40 
40 
10 
198 
138 
135 
80 
135 
80 
80 
40 
136 
80 
80 
40 
80 
40 
40 
10 
135 
79 
81 
40 
79 
39 
40 
10 
80 
41 
40 
10 
40 
10 
10 
315 
263 
261 
200 
262 
199 
197 
136 
260 
199 
198 
135 
197 
135 
135 
82 
257 
199 
200 
135 
200 
136 
136 
81 
198 
135 
135 
80 
133 
80 
81 
40 
263 
201 
196 
135 
201 
136 
134 
81 
198 
135 
135 
80 
136 
82 
81 
40 
198 
134 
137 
79 
134 
80 
81 
41 
137 
80 
80 
40 
82 
41 
40 
10 
261 
197 
201 
138 
196 
134 
135 
80 
198 
134 
135 
82 
133 
79 
80 
40 
197 
136 
134 
81 
136 
80 
79 
39 
133 
80 
80 
40 
80 
40 
40 
10 
199 
135 
133 
80 
133 
79 
81 
40 
134 
80 
79 
40 
80 
40 
41 
10 
135 
81 
79 
40 
80 
40 
40 
10 
80 
40 
40 
10 
41 
10 
10 
260 
197 
196 
136 
197 
135 
135 
82 
198 
134 
134 
80 
135 
80 
80 
41 
197 
134 
133 
80 
136 
79 
80 
40 
136 
80 
80 
39 
81 
40 
40 
10 
198 
132 
133 
81 
136 
80 
79 
40 
136 
80 
80 
40 
80 
40 
41 
10 
134 
80 
81 
40 
80 
40 
41 
10 
80 
40 
40 
10 
40 
10 
10 
198 
135 
135 
80 
134 
79 
80 
41 
132 
80 
80 
40 
80 
40 
40 
10 
132 
80 
79 
40 
81 
40 
40 
10 
80 
39 
40 
10 
40 
10 
10 
131 
79 
80 
40 
79 
39 
40 
10 
80 
40 
40 
10 
40 
10 
10 
80 
40 
40 
10 
40 
10 
10 
39 
10 
10 
10 
365 
315 
318 
263 
316 
263 
262 
202 
317 
262 
262 
200 
259 
201 
198 
137 
317 
262 
262 
200 
263 
201 
198 
137 
262 
200 
201 
136 
199 
138 
137 
83 
316 
262 
262 
199 
261 
198 
199 
136 
264 
200 
199 
136 
199 
136 
135 
83 
260 
201 
196 
134 
201 
137 
134 
82 
200 
136 
137 
81 
135 
80 
82 
41 
317 
262 
262 
200 
260 
201 
201 
137 
259 
198 
200 
136 
198 
136 
136 
82 
261 
198 
200 
137 
201 
135 
136 
80 
198 
135 
137 
82 
134 
80 
81 
40 
262 
199 
198 
137 
201 
137 
134 
81 
200 
134 
136 
80 
134 
81 
81 
40 
198 
137 
136 
80 
134 
80 
79 
40 
134 
80 
81 
40 
80 
40 
40 
10 
312 
261 
261 
196 
260 
199 
200 
135 
260 
202 
200 
135 
198 
134 
135 
81 
263 
199 
199 
136 
199 
135 
135 
82 
198 
136 
135 
83 
137 
82 
80 
40 
261 
200 
199 
135 
197 
136 
135 
81 
197 
136 
135 
81 
135 
82 
81 
40 
198 
136 
134 
81 
135 
79 
81 
40 
134 
79 
82 
40 
80 
40 
40 
10 
260 
199 
200 
136 
198 
135 
136 
80 
197 
137 
136 
81 
135 
80 
82 
40 
199 
133 
133 
79 
132 
81 
80 
40 
133 
80 
80 
40 
81 
40 
40 
10 
198 
134 
135 
79 
133 
79 
81 
40 
134 
81 
81 
40 
80 
40 
40 
10 
134 
81 
79 
40 
80 
41 
40 
10 
80 
40 
40 
10 
40 
10 
10 
318 
259 
261 
199 
262 
198 
199 
136 
262 
203 
198 
134 
199 
134 
134 
81 
259 
199 
198 
138 
198 
135 
134 
81 
198 
134 
137 
81 
135 
80 
79 
40 
259 
200 
199 
137 
198 
135 
135 
81 
198 
134 
134 
81 
136 
80 
81 
40 
196 
135 
134 
81 
134 
80 
81 
40 
135 
80 
80 
40 
81 
40 
39 
10 
262 
198 
199 
135 
201 
136 
135 
81 
196 
137 
135 
81 
134 
78 
81 
40 
198 
134 
134 
81 
133 
79 
81 
40 
134 
80 
78 
40 
81 
40 
40 
10 
197 
133 
134 
80 
133 
81 
80 
40 
134 
79 
79 
40 
80 
41 
40 
10 
135 
80 
80 
40 
80 
40 
40 
10 
80 
40 
40 
10 
40 
10 
10 
259 
199 
200 
134 
197 
132 
135 
79 
196 
137 
134 
79 
131 
82 
80 
40 
198 
133 
135 
80 
132 
80 
79 
40 
133 
79 
79 
40 
80 
40 
40 
10 
196 
133 
134 
80 
133 
79 
80 
40 
134 
81 
79 
40 
80 
40 
40 
10 
133 
80 
80 
40 
79 
41 
40 
10 
79 
41 
40 
10 
40 
10 
10 
197 
135 
136 
81 
136 
79 
81 
40 
135 
79 
80 
40 
80 
40 
40 
10 
133 
81 
79 
40 
78 
41 
40 
10 
80 
40 
39 
10 
40 
10 
10 
133 
79 
80 
40 
79 
40 
40 
10 
80 
40 
39 
10 
40 
10 
10 
80 
39 
40 
10 
39 
10 
10 
39 
10 
10 
10 
313 
260 
259 
201 
260 
200 
200 
136 
261 
201 
199 
134 
199 
136 
134 
82 
259 
199 
199 
135 
196 
135 
135 
80 
197 
134 
135 
80 
136 
80 
80 
40 
260 
200 
201 
136 
199 
133 
135 
81 
199 
133 
134 
80 
134 
81 
80 
40 
201 
134 
134 
79 
135 
80 
79 
40 
134 
81 
80 
40 
80 
40 
40 
10 
260 
198 
199 
136 
199 
135 
134 
80 
199 
135 
134 
80 
133 
81 
80 
40 
197 
135 
133 
81 
135 
80 
82 
40 
133 
79 
80 
40 
80 
39 
40 
10 
200 
135 
134 
80 
133 
79 
80 
40 
134 
80 
79 
40 
81 
40 
40 
10 
132 
81 
81 
40 
80 
40 
39 
10 
79 
40 
40 
10 
40 
10 
10 
261 
199 
200 
134 
199 
133 
136 
80 
198 
135 
135 
81 
133 
81 
81 
40 
198 
134 
135 
79 
131 
79 
79 
40 
133 
81 
80 
41 
79 
39 
40 
10 
196 
135 
133 
80 
135 
80 
80 
40 
133 
82 
79 
40 
79 
40 
40 
10 
133 
79 
79 
40 
78 
39 
39 
10 
80 
40 
39 
10 
40 
10 
10 
197 
134 
134 
80 
134 
80 
80 
40 
134 
80 
80 
40 
79 
40 
40 
10 
131 
80 
80 
40 
80 
41 
40 
10 
80 
40 
40 
10 
40 
10 
10 
132 
80 
81 
40 
79 
40 
40 
10 
78 
41 
40 
10 
41 
10 
10 
78 
40 
40 
10 
40 
10 
10 
40 
10 
10 
10 
258 
201 
198 
134 
197 
134 
134 
81 
197 
135 
134 
80 
132 
81 
81 
40 
197 
135 
134 
80 
136 
79 
80 
40 
132 
80 
79 
40 
79 
40 
41 
10 
199 
134 
135 
79 
133 
80 
79 
40 
132 
79 
80 
40 
80 
40 
40 
10 
133 
79 
79 
40 
80 
40 
40 
10 
80 
40 
40 
10 
40 
10 
10 
196 
132 
134 
80 
133 
82 
78 
39 
135 
80 
80 
39 
80 
40 
40 
10 
134 
79 
78 
40 
78 
40 
40 
10 
80 
40 
40 
10 
40 
10 
10 
135 
80 
80 
40 
80 
40 
40 
10 
78 
40 
40 
10 
40 
10 
10 
80 
40 
39 
10 
39 
10 
10 
40 
10 
10 
10 
198 
132 
131 
80 
131 
80 
80 
40 
133 
81 
80 
40 
79 
40 
40 
10 
133 
80 
81 
38 
80 
40 
39 
10 
79 
40 
40 
10 
40 
10 
10 
136 
80 
77 
40 
80 
40 
40 
10 
79 
40 
40 
10 
40 
10 
10 
80 
40 
40 
10 
40 
10 
10 
40 
10 
10 
10 
133 
80 
79 
40 
79 
39 
40 
10 
80 
40 
40 
10 
40 
10 
10 
79 
39 
40 
10 
40 
10 
10 
40 
10 
10 
10 
79 
40 
40 
10 
39 
11 
10 
40 
10 
10 
10 
40 
10 
10 
10 
10 

